NAME : test20
TYPE : TSPTW
DIMENSION : 20
EDGE_WEIGHT_TYPE : EXPLICIT
EDGE_WEIGHT_FORMAT : FULL_MATRIX
EDGE_WEIGHT_SECTION
0 17 36 33 53 49 71 66 53 66 64 67 57 85 77 81 42 22 12 59	
17 0 20 15 38 39 64 48 38 48 48 55 47 68 61 64 34 26 14 50
36 20 0 14 17 21 48 31 41 41 48 61 55 50 41 53 48 46 35 33
33 15 14 0 29 35 62 33 28 34 37 48 41 54 48 49 33 35 27 47
53 38 17 29 0 16 39 22 50 41 54 70 66 35 25 47 62 63 53 25
49 39 21 35 16 0 26 39 62 56 67 82 77 49 39 63 69 65 53 11
71 64 48 62 39 26 0 59 88 80 93 109 103 62 52 84 96 89 77 15
66 48 31 33 22 39 59 0 41 23 40 58 58 21 18 25 59 68 61 46
53 38 41 28 50 62 88 41 0 22 11 20 17 60 59 39 21 41 42 73
66 48 41 34 41 56 80 23 22 0 18 37 38 39 40 17 44 61 57 66
64 48 48 37 54 67 93 40 11 18 0 19 21 57 57 31 31 52 53 78	
67 55 61 48 70 82 109 58 20 37 19 0 10 76 76 49 26 50 54 93
57 47 55 41 66 77 103 58 17 38 21 10 0 76 76 53 16 40 45 88
85 68 50 54 35 49 62 21 60 39 57 76 76 0 11 30 79 89 82 53
77 61 41 48 25 39 52 18 59 40 57 76 76 11 0 36 76 84 75 42
81 64 53 49 47 63 84 25 39 17 31 49 53 30 36 0 61 78 74 71
42 34 48 33 62 69 96 59 21 44 31 26 16 79 76 61 0 24 29 81
22 26 46 35 63 65 89 68 41 61 52 50 40 89 84 78 24 0 12 76
12 14 35 27 53 53 77 61 42 57 53 54 45 82 75 74 29 12 0 64
59 50 33 47 25 11 15 46 73 66 78 93 88 53 42 71 81 76 64 0
NODE_COORD_SECTION
1 4158 6550
2 4166 6534
3 4185 6526
4 4172 6520
5 4201 6518
6 4205 6534
7 4229 6546
8 4196 6496
9 4155 6497
10 4175 6486
11 4157 6486
12 4138 6486
13 4138 6496
14 4214 6485
15 4214 6496
16 4186 6473
17 4139 6512
18 4140 6536
19 4152 6539
20 4216 6538
TIME_WINDOW_SECTION
1 0 1200
2 450 548
3 536 631
4 1090 1182
5 1005 1103
6 1127 1157
7 175 235
8 654 732
9 946 1021
10 1051 1148
11 395 484
12 722 816
13 64 92
14 883 957
15 802 895
16 847 858
17 589 625
18 483 537
19 253 286
20 317 383
DEPOT_SECTION
1 
-1
EOF
